0 0.610909090625 0.9772727265625001 0.6145454546875 0.9727272734374999 0.6945454546875001 0.9727272734374999 0.6945454546875001 0.95 0.69818181875 0.9454545453125001 0.69818181875 0.890909090625 0.70181818125 0.8863636359375 0.70181818125 0.8318181812500001 0.7054545453125 0.8272727265625001 0.530909090625 0.8272727265625001 0.5272727265625 0.8227272734375 0.3563636359375 0.8227272734375 0.3563636359375 0.9 0.36 0.9045454546875 0.36 0.9772727265625001 0.610909090625 0.9772727265625001
0 0.0072727265625 0.8318181812500001 0.0072727265625 0.9090909093749999 0.0036363640625 0.9136363640624999 0.0036363640625 0.9863636359375001 0.07272727343749999 0.9863636359375001 0.0763636359375 0.9818181812500001 0.32 0.9818181812500001 0.3236363640625 0.9772727265625001 0.34181818124999996 0.9772727265625001 0.34181818124999996 0.9272727265625 0.33818181875 0.9227272734374999 0.33818181875 0.8681818187499999 0.3345454546875 0.8636363640625 0.3345454546875 0.8227272734375 0.290909090625 0.8227272734375 0.2872727265625 0.8272727265625001 0.14181818125 0.8272727265625001 0.13818181875 0.8318181812500001 0.0072727265625 0.8318181812500001
0 0.7163636359375001 0.690909090625 0.7163636359375001 0.73181818125 0.7127272734375001 0.7363636359375 0.7127272734375001 0.7772727265625 0.709090909375 0.78181818125 0.709090909375 0.81818181875 0.7127272734375001 0.81818181875 0.7163636359375001 0.8227272734375 0.7163636359375001 0.8409090906250001 0.7127272734375001 0.8454545453125 0.7127272734375001 0.9136363640624999 0.709090909375 0.9181818187499999 0.709090909375 0.9772727265625001 0.72 0.9772727265625001 0.7236363640625 0.9818181812500001 0.86181818125 0.9818181812500001 0.8654545453125 0.9863636359375001 0.9927272734375 0.9863636359375001 0.9927272734375 0.63181818125 0.7236363640625 0.63181818125 0.7236363640625 0.640909090625 0.72 0.6454545453125 0.72 0.6863636359374999 0.7163636359375001 0.690909090625
0 0.349090909375 0.7863636359374999 0.349090909375 0.809090909375 0.69818181875 0.809090909375 0.69818181875 0.7727272734375 0.70181818125 0.76818181875 0.70181818125 0.7272727265625 0.7054545453125 0.7227272734375 0.7054545453125 0.6818181812499999 0.709090909375 0.6772727265625 0.709090909375 0.6363636359375 0.7127272734375001 0.63181818125 0.7127272734375001 0.6227272734375 0.34181818124999996 0.6227272734375 0.34181818124999996 0.6863636359374999 0.3454545453125 0.690909090625 0.3454545453125 0.78181818125 0.349090909375 0.7863636359374999
0 0 0.6818181812499999 0.0036363640625 0.6863636359374999 0.0036363640625 0.8227272734375 0.032727273437499996 0.8227272734375 0.0363636359375 0.81818181875 0.1345454546875 0.81818181875 0.13818181875 0.8136363640625 0.24 0.8136363640625 0.24363636406250003 0.809090909375 0.33090909062499996 0.809090909375 0.33090909062499996 0.78181818125 0.3272727265625 0.7772727265625 0.3272727265625 0.7363636359375 0.3236363640625 0.73181818125 0.3236363640625 0.690909090625 0.32 0.6863636359374999 0.32 0.6454545453125 0.3163636359375 0.640909090625 0.3163636359375 0.6227272734375 0 0.6227272734375 0 0.6818181812499999
0 0.7163636359375001 0.4954545453125 0.7163636359375001 0.5363636359374999 0.7127272734375001 0.540909090625 0.7127272734375001 0.5863636359375 0.709090909375 0.5909090906250001 0.709090909375 0.6 0.730909090625 0.6 0.7345454546875 0.6045454546875 0.8109090906249999 0.6045454546875 0.8145454546875 0.609090909375 0.890909090625 0.609090909375 0.8945454546875 0.6136363640625 0.970909090625 0.6136363640625 0.9745454546874999 0.61818181875 0.9927272734375 0.61818181875 0.9927272734375 0.46363636406250003 0.9963636359375 0.45909090937499997 0.9963636359375 0.41363636406250004 0.949090909375 0.41363636406250004 0.9454545453125001 0.409090909375 0.77818181875 0.409090909375 0.7745454546875 0.4045454546875 0.7236363640625 0.4045454546875 0.7236363640625 0.4454545453125 0.72 0.45 0.72 0.49090909062500004 0.7163636359375001 0.4954545453125
0 0.33818181875 0.41363636406250004 0.33818181875 0.55 0.34181818124999996 0.5545454546874999 0.34181818124999996 0.609090909375 0.70181818125 0.609090909375 0.70181818125 0.559090909375 0.7054545453125 0.5545454546874999 0.7054545453125 0.5 0.709090909375 0.4954545453125 0.709090909375 0.4454545453125 0.7127272734375001 0.44090909062500006 0.7127272734375001 0.4045454546875 0.6145454546875 0.4045454546875 0.610909090625 0.409090909375 0.46909090937500003 0.409090909375 0.4654545453125 0.41363636406250004 0.33818181875 0.41363636406250004
0 0 0.5 0.0036363640625 0.5045454546875 0.0036363640625 0.609090909375 0.3272727265625 0.609090909375 0.3272727265625 0.51818181875 0.3236363640625 0.5136363640625 0.3236363640625 0.3954545453125 0.08 0.3954545453125 0.0763636359375 0.4 0 0.4 0 0.5
0 0.73818181875 0.27272727343750003 0.7345454546875 0.2772727265625 0.7345454546875 0.3272727265625 0.730909090625 0.33181818125 0.730909090625 0.38181818125 0.7272727265625 0.3863636359375 0.7672727265625 0.3863636359375 0.770909090625 0.390909090625 0.90181818125 0.390909090625 0.9054545453125 0.3954545453125 0.9963636359375 0.3954545453125 0.9963636359375 0.2363636359375 0.9927272734375 0.23181818125000003 0.9927272734375 0.16363636406249998 0.7454545453125 0.16363636406249998 0.74181818125 0.16818181875 0.74181818125 0.21818181874999998 0.73818181875 0.2227272734375 0.73818181875 0.27272727343750003
0 0.4436363640625 0.38181818125 0.4472727265625 0.3863636359375 0.6872727265624999 0.3863636359375 0.690909090625 0.390909090625 0.709090909375 0.390909090625 0.709090909375 0.3636363640625 0.7127272734375001 0.359090909375 0.7127272734375001 0.27272727343750003 0.7163636359375001 0.26818181874999997 0.7163636359375001 0.18181818125 0.72 0.17727272656249998 0.72 0.1545454546875 0.32 0.1545454546875 0.32 0.26818181874999997 0.3236363640625 0.27272727343750003 0.3236363640625 0.38181818125 0.4436363640625 0.38181818125
0 0.96 0 0.9563636359375 0.0045454546875000005 0.7527272734375 0.0045454546875000005 0.7527272734375 0.0227272734375 0.749090909375 0.0272727265625 0.749090909375 0.059090909375 0.7454545453125 0.06363636406249999 0.7454545453125 0.0954545453125 0.74181818125 0.1 0.74181818125 0.13181818125 0.73818181875 0.1363636359375 0.73818181875 0.15 0.9963636359375 0.15 0.9963636359375 0 0.96 0
0 0.32 0 0.32 0.13181818125 0.44000000000000006 0.13181818125 0.4436363640625 0.1363636359375 0.730909090625 0.1363636359375 0.730909090625 0.0045454546875000005 0.549090909375 0.0045454546875000005 0.5454545453125 0 0.32 0
0 0 0 0 0.1272727265625 0.032727273437499996 0.1272727265625 0.0363636359375 0.13181818125 0.149090909375 0.13181818125 0.1527272734375 0.1363636359375 0.2654545453125 0.1363636359375 0.269090909375 0.140909090625 0.2654545453125 0.1454545453125 0 0.1454545453125 0 0.2136363640625 0.0036363640625 0.21818181874999998 0.0036363640625 0.3863636359375 0.309090909375 0.3863636359375 0.309090909375 0.25 0.3054545453125 0.24545454531250002 0.3054545453125 0.1454545453125 0.30181818125 0.140909090625 0.30181818125 0.11818181875 0.29818181875 0.1136363640625 0.29818181875 0.03181818125 0.29454545468750004 0.0272727265625 0.29454545468750004 0.0045454546875000005 0.16363636406249998 0.0045454546875000005 0.16 0 0 0