0 0.772 0.7867867875 0.774 0.7897897890625 0.842 0.7897897890625 0.842 0.7867867875 0.8400000000000001 0.783783784375 0.8400000000000001 0.7117117109375 0.8380000000000001 0.708708709375 0.8380000000000001 0.6876876875 0.728 0.6876876875 0.726 0.684684684375 0.6900000000000001 0.684684684375 0.6900000000000001 0.783783784375 0.696 0.783783784375 0.6980000000000001 0.7867867875 0.772 0.7867867875
0 0.51 0.7417417421875 0.51 0.7927927921875 0.5780000000000001 0.7927927921875 0.58 0.7897897890625 0.678 0.7897897890625 0.678 0.76876876875 0.6759999999999999 0.765765765625 0.6759999999999999 0.690690690625 0.674 0.6876876875 0.674 0.68168168125 0.6 0.68168168125 0.5980000000000001 0.678678678125 0.516 0.678678678125 0.514 0.675675675 0.506 0.675675675 0.506 0.678678678125 0.508 0.68168168125 0.508 0.7387387390625 0.51 0.7417417421875
0 0.45 0.84984985 0.45 0.846846846875 0.45199999999999996 0.84384384375 0.45199999999999996 0.7867867875 0.454 0.783783784375 0.454 0.7297297296874999 0.45599999999999996 0.7267267265624999 0.45599999999999996 0.6696696703125 0.458 0.6666666671875 0.45199999999999996 0.6666666671875 0.45 0.6636636640625 0.378 0.6636636640625 0.376 0.6606606609375001 0.356 0.6606606609375001 0.356 0.7297297296874999 0.358 0.7327327328125001 0.358 0.84984985 0.45 0.84984985
0 0.708 0.615615615625 0.708 0.6666666671875 0.71 0.6666666671875 0.712 0.6696696703125 0.762 0.6696696703125 0.764 0.6726726734375 0.8119999999999999 0.6726726734375 0.8140000000000001 0.675675675 0.8480000000000001 0.675675675 0.8480000000000001 0.6456456453125 0.8460000000000001 0.6426426421875 0.8460000000000001 0.5495495499999999 0.712 0.5495495499999999 0.712 0.552552553125 0.71 0.5555555562500001 0.71 0.6126126125 0.708 0.615615615625
0 0.67 0.6696696703125 0.67 0.6546546546875 0.6679999999999999 0.6516516515624999 0.6679999999999999 0.597597596875 0.666 0.5945945953125 0.666 0.5555555562500001 0.622 0.5555555562500001 0.62 0.552552553125 0.5559999999999999 0.552552553125 0.554 0.5495495499999999 0.49800000000000005 0.5495495499999999 0.49800000000000005 0.6666666671875 0.584 0.6666666671875 0.5860000000000001 0.6696696703125 0.67 0.6696696703125
0 0.248 0.6606606609375001 0.25 0.6636636640625 0.248 0.6666666671875 0.244 0.6666666671875 0.244 0.6726726734375 0.242 0.675675675 0.098 0.675675675 0.098 0.702702703125 0.1 0.7057057062500001 0.1 0.76876876875 0.10200000000000001 0.771771771875 0.10200000000000001 0.8348348343750001 0.10400000000000001 0.8378378375000001 0.10400000000000001 0.8408408406250001 0.172 0.8408408406250001 0.174 0.84384384375 0.242 0.84384384375 0.242 0.678678678125 0.244 0.675675675 0.246 0.678678678125 0.246 0.7237237234375 0.248 0.7267267265624999 0.248 0.76876876875 0.25 0.771771771875 0.25 0.8168168171874999 0.252 0.8198198203124999 0.252 0.84984985 0.34199999999999997 0.84984985 0.34199999999999997 0.8198198203124999 0.344 0.8168168171874999 0.344 0.6606606609375001 0.3 0.6606606609375001 0.298 0.6636636640625 0.262 0.6636636640625 0.26 0.6606606609375001 0.262 0.6576576578125 0.294 0.6576576578125 0.294 0.5945945953125 0.292 0.5915915921875 0.292 0.47747747812499997 0.196 0.47747747812499997 0.196 0.6636636640625 0.22000000000000003 0.6636636640625 0.22200000000000003 0.6606606609375001 0.248 0.6606606609375001
0 0.3 0.60660660625 0.3 0.6456456453125 0.442 0.6456456453125 0.442 0.6396396390625 0.44400000000000006 0.6366366359375 0.44400000000000006 0.5735735734375 0.446 0.5705705703125 0.446 0.5105105109375 0.44800000000000006 0.5075075078125 0.44800000000000006 0.47747747812499997 0.374 0.47747747812499997 0.372 0.47447447499999995 0.296 0.47447447499999995 0.296 0.5165165171874999 0.298 0.51951951875 0.298 0.603603603125 0.3 0.60660660625
0 0.086 0.5105105109375 0.086 0.6396396390625 0.08399999999999999 0.6426426421875 0.08399999999999999 0.6516516515624999 0.092 0.6516516515624999 0.094 0.6546546546875 0.122 0.6546546546875 0.124 0.6576576578125 0.152 0.6576576578125 0.154 0.6606606609375001 0.182 0.6606606609375001 0.184 0.6636636640625 0.186 0.6636636640625 0.186 0.6426426421875 0.184 0.6396396390625 0.184 0.5675675671875 0.182 0.5645645640625 0.182 0.4924924921875 0.18 0.4894894890625 0.18 0.471471471875 0.1 0.471471471875 0.098 0.47447447499999995 0.088 0.47447447499999995 0.088 0.5075075078125 0.086 0.5105105109375
0 0.602 0.4354354359375 0.6 0.43843843906249996 0.596 0.43843843906249996 0.5940000000000001 0.4414414421875 0.5900000000000001 0.4414414421875 0.5900000000000001 0.45645645625000003 0.592 0.459459459375 0.592 0.4924924921875 0.5940000000000001 0.49549549531250003 0.5940000000000001 0.5285285281250001 0.596 0.53153153125 0.596 0.534534534375 0.602 0.534534534375 0.604 0.5375375375 0.614 0.5375375375 0.616 0.540540540625 0.642 0.540540540625 0.644 0.5375375375 0.778 0.5375375375 0.778 0.5045045046875 0.776 0.5015015015625 0.776 0.43843843906249996 0.772 0.43843843906249996 0.77 0.4354354359375 0.71 0.4354354359375 0.708 0.4324324328125 0.65 0.4324324328125 0.648 0.4294294296875 0.616 0.4294294296875 0.614 0.4324324328125 0.61 0.4324324328125 0.608 0.4354354359375 0.602 0.4354354359375
0 0.344 0.3603603609375 0.344 0.4294294296875 0.346 0.4324324328125 0.346 0.465465465625 0.368 0.465465465625 0.37 0.4624624625 0.488 0.4624624625 0.488 0.30630630625 0.49000000000000005 0.303303303125 0.49000000000000005 0.2852852859375 0.398 0.2852852859375 0.396 0.2822822828125 0.33999999999999997 0.2822822828125 0.33999999999999997 0.2852852859375 0.34199999999999997 0.2882882890625 0.34199999999999997 0.3573573578125 0.344 0.3603603609375
0 0.244 0.45045045000000006 0.244 0.45645645625000003 0.322 0.45645645625000003 0.324 0.459459459375 0.33799999999999997 0.459459459375 0.33799999999999997 0.38138138125 0.33599999999999997 0.37837837812499997 0.33599999999999997 0.291291290625 0.33399999999999996 0.2882882890625 0.33399999999999996 0.2822822828125 0.302 0.2822822828125 0.3 0.2792792796875 0.254 0.2792792796875 0.252 0.2762762765625 0.24 0.2762762765625 0.24 0.3543543546875 0.242 0.3573573578125 0.242 0.44744744687500004 0.244 0.45045045000000006
0 0.08399999999999999 0.396396396875 0.08399999999999999 0.459459459375 0.22999999999999998 0.459459459375 0.22999999999999998 0.4264264265625 0.22799999999999998 0.4234234234375 0.22799999999999998 0.37837837812499997 0.22599999999999998 0.375375375 0.22599999999999998 0.3303303296875 0.22400000000000003 0.32732732656249997 0.22400000000000003 0.2822822828125 0.22200000000000003 0.2792792796875 0.134 0.2792792796875 0.132 0.2762762765625 0.08 0.2762762765625 0.08 0.32432432499999997 0.08199999999999999 0.32732732656249997 0.08199999999999999 0.39339339375 0.08399999999999999 0.396396396875
0 0.682 0.2552552546875 0.682 0.303303303125 0.6839999999999999 0.30630630625 0.6839999999999999 0.31831831875 0.688 0.31831831875 0.6900000000000001 0.321321321875 0.75 0.321321321875 0.752 0.32432432499999997 0.806 0.32432432499999997 0.806 0.303303303125 0.8039999999999999 0.3003003 0.8039999999999999 0.222222221875 0.8019999999999999 0.21921921875 0.8019999999999999 0.21621621562499999 0.742 0.21621621562499999 0.74 0.21921921875 0.6799999999999999 0.21921921875 0.6799999999999999 0.2522522515625 0.682 0.2552552546875
0 0.558 0.3303303296875 0.5599999999999999 0.32732732656249997 0.654 0.32732732656249997 0.6559999999999999 0.32432432499999997 0.6639999999999999 0.32432432499999997 0.6639999999999999 0.27327327343749996 0.666 0.2702702703125 0.666 0.21621621562499999 0.532 0.21621621562499999 0.532 0.309309309375 0.53 0.3123123125 0.53 0.3303303296875 0.558 0.3303303296875
0 0.10800000000000001 0.2582582578125 0.11000000000000001 0.2612612609375 0.158 0.2612612609375 0.16 0.26426426406250003 0.21800000000000003 0.26426426406250003 0.22000000000000003 0.2612612609375 0.22200000000000003 0.2612612609375 0.22400000000000003 0.26426426406250003 0.22400000000000003 0.2672672671875 0.308 0.2672672671875 0.308 0.23723723749999998 0.31 0.234234234375 0.31 0.2012012015625 0.312 0.1981981984375 0.312 0.165165165625 0.314 0.16216216249999998 0.314 0.135135134375 0.23199999999999998 0.135135134375 0.22999999999999998 0.13813813749999998 0.22799999999999998 0.135135134375 0.22799999999999998 0.1321321328125 0.22599999999999998 0.1321321328125 0.22200000000000003 0.1261261265625 0.22000000000000003 0.1261261265625 0.21600000000000003 0.1201201203125 0.21400000000000002 0.1201201203125 0.21000000000000002 0.11411411406250001 0.20800000000000002 0.11411411406250001 0.20400000000000001 0.10810810781249999 0.202 0.10810810781249999 0.198 0.10210210156249999 0.196 0.10210210156249999 0.192 0.09609609687500001 0.19 0.09609609687500001 0.186 0.090090090625 0.184 0.090090090625 0.182 0.08708708750000001 0.16399999999999998 0.08708708750000001 0.162 0.084084084375 0.144 0.084084084375 0.142 0.08108108124999999 0.124 0.08108108124999999 0.122 0.078078078125 0.10400000000000001 0.078078078125 0.10200000000000001 0.075075075 0.08399999999999999 0.075075075 0.08199999999999999 0.072072071875 0.08199999999999999 0.1171171171875 0.08399999999999999 0.1201201203125 0.08399999999999999 0.2582582578125 0.10800000000000001 0.2582582578125